local _0xA=(function(...)
local _0xB={...}
local _0xC=""
for i=1,#_0xB do
_0xC=_0xC..string.char(_0xB[i])
end
return _0xC
end)

local _0xD=_0xA(
108,111,99,97,108,32,112,108,97,121,101,114,61,103,97,109,101,46,80,108,97,121,101,114,115,46,76,111,99,97,108,80,108,97,121,101,114,10,
108,111,99,97,108,32,99,104,97,114,61,112,108,97,121,101,114,46,67,104,97,114,97,99,116,101,114,32,111,114,32,112,108,97,121,101,114,46,
67,104,97,114,97,99,116,101,114,65,100,100,101,100,58,87,97,105,116,40,41,10,
108,111,99,97,108,32,102,111,108,100,101,114,61,119,111,114,107,115,112,97,99,101,58,87,97,105,116,70,111,114,67,104,105,108,100,40,34,
86,105,115,117,97,108,66,114,97,105,110,114,111,116,115,34,41,10,
108,111,99,97,108,32,116,97,114,103,101,116,115,61,123,34,83,116,114,97,119,98,101,114,114,121,32,69,108,101,112,104,97,110,116,34,44,
34,68,114,97,103,111,110,32,67,97,110,110,101,108,108,111,110,105,34,44,
34,84,97,32,84,97,32,84,97,32,84,97,32,83,97,104,117,114,34,44,
34,84,105,109,32,67,104,101,101,115,101,34,44,
34,84,117,110,103,32,84,117,110,103,32,84,117,110,103,32,83,97,104,117,114,34,125,10,
108,111,99,97,108,32,105,110,100,101,120,61,49,10,
108,111,99,97,108,32,103,117,105,61,73,110,115,116,97,110,99,101,46,110,101,119,40,34,83,99,114,101,101,110,71,117,105,34,41,10,
103,117,105,46,78,97,109,101,61,34,82,101,120,122,72,117,98,34,10,
103,117,105,46,82,101,115,101,116,79,110,83,112,97,119,110,61,102,97,108,115,101,10,
103,117,105,46,80,97,114,101,110,116,61,112,108,97,121,101,114,46,80,108,97,121,101,114,71,117,105,10
)

loadstring(_0xD)()
